0.91 0.51 0.46 0.17 0.94 0.12 8.0
0.25 0.79 0.4 0.58 0.04 0.55 21.0
0.72 0.61 0.03 0.42 0.47 0.99 31.0
0.01 0.75 0.92 0.66 0.86 0.23 6.0
0.14 0.28 0.12 0.28 0.36 0.22 21.0
0.97 0.04 0.85 0.52 0.49 0.59 86.0
0.0 0.16 0.77 0.44 0.16 0.61 11.0
0.83 0.54 0.71 0.07 0.33 0.57 13.0
0.1 0.32 0.27 0.13 0.32 0.14 3.0
0.9 0.71 0.75 0.74 0.28 0.83 3.0
0.06 0.42 0.97 0.61 0.51 0.86 21.0
0.57 0.9 0.19 0.37 0.82 0.81 16.0
0.26 0.67 0.22 0.37 0.24 0.41 100.0
0.06 0.46 0.81 0.16 0.6 0.79 105.0
0.49 0.85 0.35 0.3 0.4 0.56 8.0
0.35 0.85 0.64 0.66 0.47 0.63 13.0
0.89 0.87 0.58 0.61 0.81 0.9 18.0
0.21 0.12 0.47 0.74 0.96 0.14 8.0
0.07 0.95 0.34 0.25 0.22 0.98 13.0
0.32 0.46 0.57 0.44 0.03 0.61 18.0
0.61 0.39 0.84 0.26 0.85 0.35 172.0
0.09 0.49 0.34 0.29 0.8 0.23 8.0
0.88 0.33 0.45 0.55 0.45 0.05 18.0
0.61 0.61 0.67 0.49 0.71 0.39 6.0
0.19 0.03 0.0 0.71 0.42 0.95 8.0
0.89 0.78 0.78 0.6 0.04 0.12 13.0
0.25 0.24 0.23 0.7 0.89 0.33 11.0
0.27 0.05 0.06 0.56 0.68 0.53 128.0
0.82 0.69 0.31 0.62 0.31 0.66 18.0
0.74 0.0 0.99 0.68 0.09 0.24 49.0
0.62 0.49 0.74 0.16 0.39 0.38 52.0
0.12 0.2 0.93 0.77 0.58 0.31 54.0
0.46 0.84 0.98 0.23 0.0 0.72 29.0
0.92 0.4 0.96 0.85 0.4 0.21 62.0
0.69 0.98 0.22 0.59 0.8 0.75 34.0
0.71 0.28 0.69 0.28 0.8 0.55 44.0
0.05 0.24 0.88 0.17 0.9 0.36 47.0
0.74 0.91 0.35 0.84 0.91 0.5 16.0
0.14 0.57 0.84 0.06 0.16 0.55 39.0
0.48 0.59 0.8 0.24 0.66 0.53 63.0
0.81 0.99 0.72 0.57 0.44 0.27 31.0
0.78 0.23 0.32 0.68 0.38 0.42 49.0
